0
3
7
12
15
18
21
25
28
30
34
38
38
42
45
46
54
54
56
58
60
62
67
68
70
73
75
77
77
79
80
83
87
91
92
96
97
99
100
104
104
105
105
108
114
116
120
121
122
124
127
128
132
134
134
137
139
140
143
144
144
145
147
147
147
148
149
149
150
152
154
155
155
156
157
159
160
163
163
164
164
165
168
168
168
168
170
170
170
172
174
176
176
180
181
185
186
186
187
187
187
187
187
187
189
192
196
198
199
201
201
204
205
205
207
208
209
210
212
213
216
218
219
220
220
220
220
221
223
223
224
225
227
228
229
231
231
232
233
233
235
237
240
240
243
244
246
248
250
252
253
254
255
257
262
264
268
271
274
277
279
283
284
286
287
289
290
291
292
295
298
298
299
300
303
304
308
309
311
311
311
311
313
314
316
318
318
321
324
325
326
329
331
333
334
336
339
342
343
345
347
349
351
352
355
357
358
359
361
365
368
369
371
373
376
381
385
386
389
390
392
395
397
402
402
406
408
410
415
417
419
424
426
429
431
437
439
442
443
444
445
448
448
449
452
454
455
458
463
463
465
468
472
473
474
477
478
479
481
482
483
485
489
491
493
498
504
509
510
515
518
520
524
524
525
525
527
529
529
533
535
538
539
542
543
547
548
548
551
558
568
571
574
577
580
584
586
591
597
601
602
604
610
610
617
622
625
628
633
635
640
641
643
648
652
653
655
657
661
665
671
677
680
682
684
685
689
692
696
697
702
708
716
720
726
728
729
733
739
741
746
750
756
758
765
772
775
780
788
792
797
805
810
813
817
819
825
826
832
836
838
